#test 2 
y <- 1:100
z <- y + 10